2.04 -0.01 2.1423000000000005
2.0 -1.0 7.0
2.0 -1.0 7.0
2.0 2.0 10.0
4.0 0.0 12.0
-1.0 -3.0 26.0
-1.0 -3.0 26.0
-0.05 -2.95 26.012500000000003
0.0 -0.05 0.0075000000000000015
-0.01 -0.05 0.0171
-0.94 -0.13 1.7521
2.0 0.0 2.0
1.95 0.06 1.7463
1.97 -0.04 1.9945000000000002
0.0 -0.01 0.00030000000000000003
0.0 -0.05 0.0075000000000000015
0.02 0.09 0.0029
-0.01 -0.05 0.0171
-0.08 0.03 0.0915
-0.13 0.0 0.1469
1.95 0.06 1.7463
-0.94 -0.13 1.7521
0.09 0.06 -0.0765
-0.04 0.09 0.0695
0.09 -0.13 -0.01949999999999999
0.02 -0.01 -0.0191
0.0 -0.01 0.00030000000000000003
0.08 -0.06 -0.058
0.02 -0.08 0.0012000000000000031
0.09 0.02 -0.08249999999999999
0.09 0.02 -0.08249999999999999
0.09 0.02 -0.08249999999999999
0.09 -0.01 -0.0807
0.09 -0.01 -0.0807
0.09 0.02 -0.08249999999999999
0.06 0.06 -0.049199999999999994
0.09 0.02 -0.08249999999999999
0.05999999999999999 0.060000000000000005 -0.049199999999999994
0.09 -0.01 -0.0807
0.09 -0.01 -0.0807
0.09 0.09 -0.0657
0.09 0.02 -0.08249999999999999
0.09000000000000001 0.009999999999999998 -0.0825
0.09 -0.01 -0.0807
0.09 -0.01 -0.0807
0.09 -0.01 -0.0807
0.13 0.019999999999999997 -0.1145
0.09 0.060000000000000005 -0.0765
0.13 0.019999999999999997 -0.1145
0.09000000000000001 0.009999999999999998 -0.0825
0.09 0.02 -0.08249999999999999
0.09 0.019999999999999997 -0.08249999999999999
0.04000000000000001 0.03 -0.03690000000000001
0.09 -0.01 -0.0807
0.13 0.019999999999999997 -0.1145
0.14 -0.010000000000000002 -0.1187
0.13 0.09000000000000001 -0.1005
0.13 0.09 -0.1005
0.12 0.06999999999999999 -0.0993
0.13 0.09 -0.1005
0.09000000000000001 0.009999999999999998 -0.0825
0.14 -0.010000000000000002 -0.1187
0.13 0.019999999999999997 -0.1145
0.13 0.009999999999999998 -0.11410000000000001
0.13 0.11 -0.0911
0.12000000000000001 0.09999999999999999 -0.08760000000000001
0.13 0.09000000000000001 -0.1005
0.13 0.09 -0.1005
0.13 0.09 -0.1005
0.14 -0.010000000000000002 -0.1187
0.13 0.019999999999999997 -0.1145
0.13 0.009999999999999998 -0.11410000000000001
0.13 0.009999999999999998 -0.11410000000000001
0.13 0.09000000000000001 -0.1005
0.13 0.09 -0.1005
0.13 0.09 -0.1005
0.13 0.09 -0.1005
0.1 0.04 -0.0892
0.13 0.019999999999999997 -0.1145
0.13 0.009999999999999998 -0.11410000000000001
0.08 0.03 -0.0733
0.13 0.009999999999999998 -0.11410000000000001
0.14 0.09 -0.10870000000000002
0.14 0.09 -0.10870000000000002
0.13 0.09000000000000001 -0.1005
0.09 0.039999999999999994 -0.0807
0.13 0.009999999999999998 -0.11410000000000001
0.13 0.009999999999999998 -0.11410000000000001
0.13 0.009999999999999998 -0.11410000000000001
0.14 0.09 -0.10870000000000002
0.14 0.09 -0.10870000000000002
0.14 0.09 -0.10870000000000002
0.13 0.009999999999999998 -0.11410000000000001
0.13 0.009999999999999998 -0.11410000000000001
0.13 0.009999999999999998 -0.11410000000000001
0.14 0.09 -0.10870000000000002
0.14 0.09 -0.10870000000000002
0.14 0.09 -0.10870000000000002
0.13 0.009999999999999998 -0.11410000000000001
0.13 0.009999999999999998 -0.11410000000000001
0.13 0.009999999999999998 -0.11410000000000001
0.14 0.09 -0.10870000000000002
0.060000000000000005 0.18 0.029999999999999992
0.14 0.09 -0.10870000000000002
0.13 0.09 -0.1005
0.18 0.13 -0.12029999999999999
0.14 0.060000000000000005 -0.11800000000000001
0.13 0.009999999999999998 -0.11410000000000001
0.13 0.009999999999999998 -0.11410000000000001
0.16 -3.469446951953614e-18 -0.1344
0.13 0.009999999999999998 -0.11410000000000001
0.17 0.08 -0.1355
0.18 0.009999999999999998 -0.1491
0.18 0.060000000000000005 -0.1476
0.18 0.049999999999999996 -0.1491
0.19 -0.04000000000000001 -0.14150000000000001
0.14 -3.469446951953614e-18 -0.12040000000000001
0.18 0.009999999999999998 -0.1491
0.18 0.049999999999999996 -0.1491
0.19999999999999998 0.030000000000000006 -0.1633
0.18 -3.469446951953614e-18 -0.1476
0.18 -3.469446951953614e-18 -0.1476
0.16 -6.938893903907228e-18 -0.1344
0.14 -3.469446951953614e-18 -0.12040000000000001
0.18 0.19 -0.07349999999999998
0.19999999999999998 0.030000000000000006 -0.1633
0.18 0.009999999999999998 -0.1491
0.18 0.049999999999999996 -0.1491
0.18 -3.469446951953614e-18 -0.1476
0.18 -3.469446951953614e-18 -0.1476
0.24999999999999997 -0.06000000000000001 -0.16169999999999998
0.18 -6.938893903907228e-18 -0.1476
0.18 -3.469446951953614e-18 -0.1476
0.19999999999999998 0.030000000000000006 -0.1633
0.24999999999999997 -0.06000000000000001 -0.16169999999999998
0.19999999999999998 -3.469446951953614e-18 -0.15999999999999998
0.22999999999999998 -0.04000000000000001 -0.1631
0.18 0.049999999999999996 -0.1491
0.18 -3.469446951953614e-18 -0.1476
0.18 -3.469446951953614e-18 -0.1476
0.24999999999999997 0.049999999999999996 -0.19249999999999998
0.22999999999999998 0.0 -0.17709999999999998
0.22999999999999998 -0.04 -0.1631
0.24999999999999997 -0.04000000000000001 -0.1727
0.19999999999999998 0.030000000000000006 -0.1633
0.22999999999999998 -0.04000000000000001 -0.1631
0.19999999999999998 0.049999999999999996 -0.16249999999999998
0.24999999999999997 0.049999999999999996 -0.19249999999999998
0.24999999999999997 0.049999999999999996 -0.19249999999999998
0.18999999999999997 0.09 -0.1467
0.19999999999999998 0.07999999999999999 -0.1568
0.22999999999999998 0.0 -0.17709999999999998
0.24999999999999997 -0.04000000000000001 -0.1727
0.24999999999999997 -0.04000000000000001 -0.1727
0.24999999999999997 0.049999999999999996 -0.19249999999999998
0.24999999999999997 0.049999999999999996 -0.19249999999999998
0.22999999999999998 0.0 -0.17709999999999998
0.24999999999999997 -0.04000000000000001 -0.1727
0.24999999999999997 -0.04000000000000001 -0.1727
0.24999999999999997 -0.04000000000000001 -0.1727
0.19999999999999998 0.07999999999999999 -0.1568
0.18999999999999997 0.07999999999999999 -0.14989999999999998
0.24999999999999997 0.049999999999999996 -0.19249999999999998
0.24999999999999997 0.049999999999999996 -0.19249999999999998
0.24999999999999997 0.07999999999999999 -0.18829999999999997
0.24999999999999997 0.0 -0.1875
0.22999999999999998 0.0 -0.17709999999999998
0.29 0.019999999999999997 -0.2105
0.24999999999999997 0.049999999999999996 -0.19249999999999998
0.24999999999999997 0.049999999999999996 -0.19249999999999998
0.29 0.07999999999999999 -0.20989999999999998
0.24999999999999997 0.0 -0.1875
0.24999999999999997 0.0 -0.1875
0.24999999999999997 0.0 -0.1875
0.24999999999999997 0.0 -0.1875
0.29 0.049999999999999996 -0.21289999999999998
0.29 0.019999999999999997 -0.2105
0.19999999999999996 0.12999999999999998 -0.13529999999999998
0.29 0.0 -0.20589999999999997
0.27999999999999997 0.02 -0.20599999999999996
0.26 0.049999999999999996 -0.1979
0.24999999999999997 0.049999999999999996 -0.19249999999999998
0.29 0.049999999999999996 -0.21289999999999998
0.29 0.049999999999999996 -0.21289999999999998
0.29 0.049999999999999996 -0.21289999999999998
0.2899999999999999 -3.469446951953614e-18 -0.20589999999999997
0.29 0.02 -0.21049999999999996
0.29 0.02 -0.21049999999999996
0.32 -0.019999999999999997 -0.21
0.26 0.06 -0.1972
0.29 0.049999999999999996 -0.21289999999999998
0.29 0.049999999999999996 -0.21289999999999998
0.29 0.049999999999999996 -0.21289999999999998
0.29 0.049999999999999996 -0.21289999999999998
0.29 0.02 -0.21049999999999996
0.29 0.049999999999999996 -0.21289999999999998
0.29 0.049999999999999996 -0.21289999999999998
0.29 0.049999999999999996 -0.21289999999999998
0.21 0.12 -0.14789999999999998
0.29 0.049999999999999996 -0.21289999999999998
0.29 0.049999999999999996 -0.21289999999999998
0.24 0.06 -0.186
0.29 0.02 -0.21049999999999996
0.29 0.049999999999999996 -0.21289999999999998
0.29 0.049999999999999996 -0.21289999999999998
0.29 0.049999999999999996 -0.21289999999999998
0.29 0.049999999999999996 -0.21289999999999998
0.29 0.049999999999999996 -0.21289999999999998
0.29 0.049999999999999996 -0.21289999999999998
0.29 0.049999999999999996 -0.21289999999999998
0.29 0.049999999999999996 -0.21289999999999998
0.29 0.049999999999999996 -0.21289999999999998
0.29 0.049999999999999996 -0.21289999999999998
0.29 0.049999999999999996 -0.21289999999999998
0.29 0.049999999999999996 -0.21289999999999998
0.29 0.049999999999999996 -0.21289999999999998
0.29 0.049999999999999996 -0.21289999999999998
0.29 0.049999999999999996 -0.21289999999999998
0.29 0.049999999999999996 -0.21289999999999998
0.32 -0.030000000000000006 -0.2053
0.24999999999999997 0.11 -0.17869999999999997
0.29 0.049999999999999996 -0.21289999999999998
0.29 0.049999999999999996 -0.21289999999999998
0.29 0.049999999999999996 -0.21289999999999998
0.29 0.049999999999999996 -0.21289999999999998
0.29 0.049999999999999996 -0.21289999999999998
0.32 0.11 -0.2165
0.29 0.049999999999999996 -0.21289999999999998
0.29 0.049999999999999996 -0.21289999999999998
0.30999999999999994 0.08 -0.21949999999999997
0.31 0.009999999999999995 -0.2167
0.29 0.049999999999999996 -0.21289999999999998
0.29 0.049999999999999996 -0.21289999999999998
0.29 0.10999999999999999 -0.20149999999999998
0.32 0.049999999999999996 -0.22610000000000002
0.32 0.009999999999999995 -0.2205
0.2899999999999999 0.12 -0.19749999999999995
0.35 -5.204170427930421e-18 -0.22749999999999998
0.30999999999999994 0.009999999999999995 -0.21669999999999998
0.32 0.11 -0.2165
0.35 -5.204170427930421e-18 -0.22749999999999998
0.32 0.009999999999999995 -0.2205
0.32 0.009999999999999995 -0.2205
0.32 0.009999999999999995 -0.2205
0.32 0.009999999999999995 -0.2205
0.35 0.019999999999999993 -0.2333
0.35 0.009999999999999995 -0.23070000000000002
0.35 -5.204170427930421e-18 -0.22749999999999998
0.27999999999999997 0.07 -0.2065
0.32 0.009999999999999995 -0.2205
0.32 0.009999999999999995 -0.2205
0.35 0.07 -0.2373
0.35 0.019999999999999993 -0.2333
0.36 0.019999999999999993 -0.2364
0.35 0.009999999999999995 -0.23070000000000002
0.35 -5.204170427930421e-18 -0.22749999999999998
0.35 -5.204170427930421e-18 -0.22749999999999998
0.35 0.07 -0.2373
0.36 0.019999999999999993 -0.2364
0.36 0.009999999999999995 -0.2337
0.35 0.019999999999999993 -0.2333
0.35 0.019999999999999993 -0.2333
0.35 0.019999999999999993 -0.2333
0.35 0.019999999999999993 -0.2333
0.35 0.07 -0.2373
0.36 0.019999999999999993 -0.2364
0.36 0.019999999999999993 -0.2364
0.36 0.019999999999999993 -0.2364
0.38 0.009999999999999995 -0.2391
0.35 0.019999999999999993 -0.2333
0.35 0.019999999999999993 -0.2333
0.38 0.009999999999999995 -0.2391
0.36 0.020000000000000004 -0.2364
0.39999999999999997 0.01999999999999999 -0.2468
0.33999999999999997 0.06 -0.23399999999999999
0.36 0.019999999999999993 -0.2364
0.36 0.019999999999999993 -0.2364
0.36 0.019999999999999993 -0.2364
0.43 -0.07 -0.20030000000000003
0.38 0.019999999999999993 -0.242
0.38 0.009999999999999995 -0.2391
0.36 0.020000000000000004 -0.2364
0.36 0.019999999999999993 -0.2364
0.36 0.019999999999999993 -0.2364
0.36 0.019999999999999993 -0.2364
0.36 0.019999999999999993 -0.2364
0.43 0.019999999999999993 -0.2525
0.38 0.019999999999999993 -0.242
0.38 -0.02000000000000001 -0.2268
0.38 0.019999999999999993 -0.242
0.38 0.020000000000000004 -0.242
0.38 0.009999999999999995 -0.2391
0.36 0.020000000000000004 -0.2364
0.43 0.019999999999999993 -0.2525
0.38 0.019999999999999993 -0.242
0.4 0.009999999999999993 -0.2437
0.38 0.020000000000000004 -0.242
0.38 0.020000000000000004 -0.242
0.38 0.009999999999999995 -0.2391
0.36 0.020000000000000004 -0.2364
0.3 0.02999999999999999 -0.2163
0.34 0.09999999999999999 -0.2284
0.43 0.020000000000000004 -0.2525
0.4 0.020000000000000004 -0.2468
0.4 0.020000000000000004 -0.2468
0.38 0.02999999999999999 -0.2443
0.38 0.02999999999999999 -0.2443
0.4 0.009999999999999993 -0.2437
0.38 0.019999999999999993 -0.242
0.43 0.02999999999999999 -0.25529999999999997
0.35000000000000003 0.09000000000000001 -0.23470000000000002
0.4 0.02999999999999999 -0.2493
0.43 0.009999999999999993 -0.24910000000000002
0.42 0.0 -0.2436
0.4 0.020000000000000004 -0.2468
0.47 0.01999999999999999 -0.2573
0.42 0.020000000000000004 -0.2508
0.4 0.02999999999999999 -0.2493
0.43 0.009999999999999993 -0.24910000000000002
0.4 0.020000000000000004 -0.2468
0.49 -0.08 -0.1915
0.47 0.01999999999999999 -0.2573
0.42 0.020000000000000004 -0.2508
0.33999999999999997 0.09999999999999999 -0.2284
0.43 0.009999999999999993 -0.24910000000000002
0.4 0.020000000000000004 -0.2468
0.4 0.020000000000000004 -0.2468
0.49 -0.08 -0.1915
0.47 0.01999999999999999 -0.2573
0.47 0.020000000000000004 -0.2573
0.43 0.020000000000000004 -0.2525
0.42 0.020000000000000004 -0.2508
0.41 0.029999999999999992 -0.2515
0.42 0.009999999999999993 -0.24750000000000003
0.4 0.020000000000000004 -0.2468
0.47 0.01999999999999999 -0.2573
0.47 0.020000000000000004 -0.2573
0.47 0.020000000000000004 -0.2573
0.47 0.020000000000000004 -0.2573
0.42 0.029999999999999992 -0.2535
0.43 0.020000000000000004 -0.2525
0.36 0.12 -0.2304
0.47 0.12 -0.2623
0.52 0.07999999999999999 -0.272
0.47 0.029999999999999992 -0.26049999999999995
0.47 0.01999999999999999 -0.2573
0.47 0.020000000000000004 -0.2573
0.47 0.020000000000000004 -0.2573
0.47 0.020000000000000004 -0.2573
0.47 0.020000000000000004 -0.2573
0.52 0.07999999999999999 -0.272
0.47 0.07999999999999999 -0.26749999999999996
0.43 0.13999999999999999 -0.2465
0.47 0.029999999999999992 -0.26049999999999995
0.52 0.020000000000000004 -0.25880000000000003
0.52 0.020000000000000004 -0.25880000000000003
0.47 0.01999999999999999 -0.2573
0.52 0.07999999999999999 -0.272
0.47 0.07999999999999999 -0.26749999999999996
0.47 0.029999999999999992 -0.26049999999999995
0.56 -0.03 -0.22690000000000005
0.52 0.020000000000000004 -0.25880000000000003
0.52 0.020000000000000004 -0.25880000000000003
0.47 0.01999999999999999 -0.2573
0.48 0.010000000000000004 -0.2541
0.52 0.07999999999999999 -0.272
0.47 0.07999999999999999 -0.26749999999999996
0.47 0.029999999999999992 -0.26049999999999995
0.52 0.020000000000000004 -0.25880000000000003
0.52 0.020000000000000004 -0.25880000000000003
0.52 0.020000000000000004 -0.25880000000000003
0.52 0.07999999999999999 -0.272
0.42999999999999994 0.13999999999999999 -0.24649999999999997
0.47 0.029999999999999992 -0.26049999999999995
0.47 0.029999999999999992 -0.26049999999999995
0.52 0.020000000000000004 -0.25880000000000003
0.52 0.020000000000000004 -0.25880000000000003
0.52 0.07999999999999999 -0.272
0.52 0.029999999999999992 -0.2625
0.47 0.029999999999999992 -0.26049999999999995
0.42 0.06999999999999999 -0.25830000000000003
0.52 0.010000000000000005 -0.25449999999999995
0.52 0.020000000000000004 -0.25880000000000003
0.52 0.07999999999999999 -0.272
0.52 0.06999999999999999 -0.2713
0.52 0.029999999999999992 -0.2625
0.47 0.029999999999999992 -0.26049999999999995
0.52 0.020000000000000004 -0.25880000000000003
0.42 0.06999999999999999 -0.25830000000000003
0.52 0.010000000000000005 -0.25449999999999995
0.52 0.07999999999999999 -0.272
0.52 0.06999999999999999 -0.2713
0.52 0.06999999999999999 -0.2713
0.52 0.06999999999999999 -0.2713
0.52 0.06999999999999999 -0.2713
0.54 -0.010000000000000009 -0.24269999999999997
0.52 0.029999999999999992 -0.2625
0.47 0.029999999999999992 -0.26049999999999995
0.52 0.07999999999999999 -0.272
0.52 0.06999999999999999 -0.2713
0.52 0.06999999999999999 -0.2713
0.52 0.06999999999999999 -0.2713
0.52 0.06999999999999999 -0.2713
0.47000000000000003 0.10999999999999999 -0.26449999999999996
0.52 0.07999999999999999 -0.272
0.52 0.06999999999999999 -0.2713
0.54 0.11 -0.2715
0.52 0.06999999999999999 -0.2713
0.52 0.06999999999999999 -0.2713
0.52 0.06999999999999999 -0.2713
0.52 0.07999999999999999 -0.272
0.54 0.11 -0.2715
0.54 0.06999999999999999 -0.2715
0.52 0.06999999999999999 -0.2713
0.52 0.06999999999999999 -0.2713
0.52 0.07999999999999999 -0.272
0.54 0.11 -0.2715
0.55 0.01999999999999999 -0.25730000000000003
0.54 0.06999999999999999 -0.2715
0.6200000000000001 0.01999999999999999 -0.24680000000000002
0.52 0.06999999999999999 -0.2713
0.52 0.11 -0.27049999999999996
0.52 0.07999999999999999 -0.272
0.5 0.16 -0.2532
0.54 0.11 -0.2715
0.54 0.06999999999999999 -0.2715
0.54 0.06999999999999999 -0.2715
0.54 0.06999999999999999 -0.2715
0.52 0.07999999999999999 -0.272
0.54 0.11 -0.2715
0.54 0.06999999999999999 -0.2715
0.5 0.12 -0.2668
0.54 0.06999999999999999 -0.2715
0.54 0.06999999999999999 -0.2715
0.54 0.06999999999999999 -0.2715
0.52 0.07999999999999999 -0.272
0.54 0.11 -0.2715
0.54 0.06999999999999999 -0.2715
0.54 0.06999999999999999 -0.2715
0.54 0.06999999999999999 -0.2715
0.54 0.06999999999999999 -0.2715
0.54 0.06999999999999999 -0.2715
0.52 0.07999999999999999 -0.272
0.54 0.11 -0.2715
0.54 0.06999999999999999 -0.2715
0.56 0.04999999999999999 -0.26689999999999997
0.53 0.09 -0.27249999999999996
0.54 0.06999999999999999 -0.2715
0.54 0.06999999999999999 -0.2715
0.5 0.09999999999999999 -0.27
0.56 0.039999999999999994 -0.264
0.53 0.09 -0.27249999999999996
0.5 0.13 -0.2643
0.54 0.09999999999999999 -0.27240000000000003
0.52 0.09 -0.2721
0.53 0.09999999999999999 -0.2721
0.54 0.09 -0.2727
0.56 0.09 -0.2725
0.53 0.09 -0.27249999999999996
0.54 0.09999999999999999 -0.27240000000000003
0.49 0.12 -0.2655
0.54 0.09 -0.2727
0.54 0.09 -0.2727
0.56 0.09 -0.2725
0.53 0.09 -0.27249999999999996
0.54 0.09999999999999999 -0.27240000000000003
0.49 0.12 -0.2655
0.09 0.09 -0.0657
0.54 0.09 -0.2727
0.54 0.09 -0.2727
0.54 0.09 -0.2727
0.56 0.09 -0.2725
0.56 0.09 -0.2725
0.47000000000000003 0.16 -0.24749999999999997
0.5700000000000001 0.09999999999999999 -0.2721
0.54 0.09 -0.2727
0.54 0.09 -0.2727
0.54 0.09 -0.2727
0.54 0.09 -0.2727
0.56 0.09 -0.2725
0.56 0.09 -0.2725
0.54 0.09999999999999999 -0.27240000000000003
0.5 0.1 -0.27
0.54 0.09 -0.2727
0.54 0.09 -0.2727
0.54 0.09 -0.2727
0.54 0.09 -0.2727
0.54 0.09 -0.2727
0.54 0.09 -0.2727
0.55 0.07 -0.27130000000000004
0.54 0.09 -0.2727
0.54 0.09 -0.2727
0.5700000000000001 0.06 -0.2685
0.54 0.09 -0.2727
0.54 0.09 -0.2727
0.54 0.09 -0.2727
0.54 0.09 -0.2727
0.54 0.09 -0.2727
0.54 0.09 -0.2727
0.55 0.09 -0.2727
0.5800000000000001 0.08 -0.2708
0.54 0.09 -0.2727
0.54 0.09 -0.2727
0.54 0.09 -0.2727
0.54 0.09 -0.2727
0.55 0.09 -0.2727
0.54 0.09 -0.2727
0.54 0.09 -0.2727
0.54 0.09 -0.2727
0.56 0.049999999999999996 -0.2669
0.54 0.09 -0.2727
0.47 0.15 -0.2521
0.55 0.09 -0.2727
0.54 0.09 -0.2727
0.45 0.16 -0.2427
0.54 0.09 -0.2727
0.54 0.09 -0.2727
0.55 0.09 -0.2727
0.54 0.09 -0.2727
0.54 0.09 -0.2727
0.54 0.09 -0.2727
0.55 0.09 -0.2727
0.54 0.09 -0.2727
0.54 0.09 -0.2727
0.56 0.08 -0.272
0.54 0.09 -0.2727
0.54 0.1 -0.2724
0.54 0.09 -0.2727
0.55 0.09 -0.2727
0.54 0.09 -0.2727
0.54 0.09 -0.2727
0.54 0.09 -0.2727
0.54 0.09 -0.2727
0.54 0.09 -0.2727
0.55 0.09 -0.2727
0.5800000000000001 0.039999999999999994 -0.262
0.54 0.09 -0.2727
0.53 0.12 -0.26949999999999996
0.54 0.09 -0.2727
0.55 0.06999999999999999 -0.2713
0.54 0.09 -0.2727
0.54 0.09 -0.2727
0.55 0.09 -0.2727
0.54 0.09 -0.2727
0.54 0.09 -0.2727
0.53 0.14 -0.2645
0.51 0.06999999999999999 -0.27090000000000003
0.55 0.09 -0.2727
0.54 0.09 -0.2727
0.54 0.09 -0.2727
0.54 0.09 -0.2727
0.5900000000000001 0.049999999999999996 -0.2639
0.52 0.13 -0.26649999999999996
0.54 0.09 -0.2727
0.54 0.09 -0.2727
0.54 0.09 -0.2727
0.55 0.09 -0.2727
0.54 0.09 -0.2727
0.54 0.09 -0.2727
0.54 0.09 -0.2727
0.55 0.09 -0.2727
0.52 0.09 -0.2721
0.52 0.13 -0.26649999999999996
0.5900000000000001 0.049999999999999996 -0.2639
0.09 0.09 -0.0657
0.54 0.09 -0.2727
0.5800000000000001 0.09 -0.2715
0.54 0.09 -0.2727
0.55 0.09 -0.2727
0.55 0.049999999999999996 -0.2675
0.48 0.10999999999999999 -0.2661
0.54 0.09 -0.2727
0.55 0.039999999999999994 -0.26470000000000005
0.49000000000000005 0.09999999999999999 -0.26890000000000003
0.6400000000000001 0.019999999999999997 -0.24199999999999994
0.6200000000000001 0.009999999999999995 -0.24149999999999994
0.47 0.14 -0.2561
0.55 0.09 -0.2727
0.55 0.09 -0.2727
0.51 0.039999999999999994 -0.2655
0.49000000000000005 0.09999999999999999 -0.26890000000000003
0.55 0.039999999999999994 -0.26470000000000005
0.47 0.14 -0.2561
0.49000000000000005 0.009999999999999995 -0.2545
0.6700000000000002 0.009999999999999997 -0.22749999999999992
0.48 0.16 -0.24959999999999996
0.49000000000000005 0.09999999999999999 -0.26890000000000003
0.55 0.14 -0.2657
0.53 0.029999999999999992 -0.26230000000000003
0.55 0.039999999999999994 -0.26470000000000005
0.49000000000000005 0.14 -0.2597
0.47 0.14 -0.2561
0.49000000000000005 0.009999999999999995 -0.2545
0.49000000000000005 0.09999999999999999 -0.26890000000000003
0.48 0.09999999999999999 -0.26759999999999995
0.55 0.14 -0.2657
0.56 0.14 -0.266
0.55 0.14 -0.2657
0.55 0.039999999999999994 -0.26470000000000005
0.49000000000000005 0.09999999999999999 -0.26890000000000003
0.48 0.09999999999999999 -0.26759999999999995
0.56 0.14 -0.266
0.55 0.14 -0.2657
0.55 0.14 -0.2657
0.55 0.039999999999999994 -0.26470000000000005
0.49000000000000005 0.09999999999999999 -0.26890000000000003
0.48 0.09999999999999999 -0.26759999999999995
0.56 0.14 -0.266
0.56 0.14 -0.266
0.51 0.19 -0.2385
0.55 0.14 -0.2657
0.55 0.039999999999999994 -0.26470000000000005
0.49000000000000005 0.039999999999999994 -0.26470000000000005
0.49000000000000005 0.09999999999999999 -0.26890000000000003
0.48 0.09999999999999999 -0.26759999999999995
0.56 0.14 -0.266
0.56 0.14 -0.266
0.5700000000000001 0.18 -0.2505
0.49000000000000005 0.09999999999999999 -0.26890000000000003
0.48 0.09999999999999999 -0.26759999999999995
0.56 0.14 -0.266
0.56 0.14 -0.266
0.49000000000000005 0.14 -0.2597
0.5700000000000001 0.18 -0.2505
0.49000000000000005 0.18 -0.2409
0.14 0.14 -0.08120000000000001
0.52 0.09 -0.2721
0.48 0.09999999999999999 -0.26759999999999995
0.55 0.17 -0.2543
0.56 0.14 -0.266
0.56 0.14 -0.266
0.49000000000000005 0.14 -0.2597
0.49000000000000005 0.14 -0.2597
0.52 0.06 -0.27
0.48 0.09999999999999999 -0.26759999999999995
0.56 0.14 -0.266
0.56 0.14 -0.266
0.56 0.14 -0.266
0.56 0.14 -0.266
0.52 0.09999999999999999 -0.27159999999999995
0.47000000000000003 0.09 -0.2671
0.48 0.09999999999999999 -0.26759999999999995
0.56 0.14 -0.266
0.56 0.14 -0.266
0.56 0.14 -0.266
0.5800000000000001 0.029999999999999992 -0.25830000000000003
0.48 0.09999999999999999 -0.26759999999999995
0.47000000000000003 0.09 -0.2671
0.46 0.12 -0.2604
0.56 0.14 -0.266
0.56 0.14 -0.266
0.48 0.09999999999999999 -0.26759999999999995
0.55 -0.010000000000000009 -0.24169999999999997
0.56 0.14 -0.266
0.48000000000000004 0.21000000000000002 -0.21809999999999996
0.5800000000000001 0.14 -0.26599999999999996
0.5800000000000001 0.14 -0.26599999999999996
0.47000000000000003 0.12 -0.2623
0.48 0.09999999999999999 -0.26759999999999995
0.6100000000000001 0.12000000000000001 -0.2679
0.56 0.14 -0.266
0.5800000000000001 0.14 -0.26599999999999996
0.5800000000000001 0.14 -0.26599999999999996
0.51 0.14 -0.2625
0.47000000000000003 0.12 -0.2623
0.55 -0.010000000000000009 -0.24169999999999997
0.6100000000000001 0.12000000000000001 -0.2679
0.6300000000000001 0.06999999999999999 -0.2625
0.5 0.11 -0.2687
0.56 0.14 -0.266
0.51 0.19 -0.2385
0.5 0.11 -0.2687
0.6100000000000001 0.11 -0.2687
0.54 0.22000000000000003 -0.22199999999999998
0.56 0.14 -0.266
0.6300000000000001 0.06999999999999999 -0.2625
0.5 0.11 -0.2687
0.6100000000000001 0.11 -0.2687
0.56 0.14 -0.266
0.54 0.14 -0.2652
0.6300000000000001 0.06999999999999999 -0.2625
0.5 0.14 -0.2612
0.54 0.22000000000000003 -0.22199999999999998
0.08 0.07999999999999999 -0.06080000000000001
0.47 0.12 -0.2623
0.6100000000000001 0.11 -0.2687
0.56 0.14 -0.266
0.56 0.14 -0.266
0.54 0.14 -0.2652
0.6300000000000001 0.06999999999999999 -0.2625
0.5 0.14 -0.2612
0.6100000000000001 0.11 -0.2687
0.56 0.14 -0.266
0.6000000000000001 0.11000000000000001 -0.2697
0.56 0.14 -0.266
0.56 0.14 -0.266
0.56 0.14 -0.266
0.6100000000000001 0.06999999999999999 -0.2659
0.6100000000000001 0.06000000000000001 -0.26370000000000005
0.6100000000000001 0.11 -0.2687
0.54 0.2 -0.2364
0.56 0.14 -0.266
0.5900000000000001 0.12000000000000001 -0.2695
0.5800000000000001 0.12000000000000001 -0.26999999999999996
0.54 0.12000000000000001 -0.27
0.5800000000000001 0.12000000000000001 -0.26999999999999996
0.5900000000000001 0.12000000000000001 -0.2695
0.6100000000000001 0.11 -0.2687
0.6100000000000001 0.12000000000000001 -0.2679
0.6100000000000001 0.12000000000000001 -0.2679
0.5800000000000001 0.11 -0.2711
0.5900000000000001 0.11 -0.2705
0.54 0.12000000000000001 -0.27
0.5800000000000001 0.12000000000000001 -0.26999999999999996
0.5800000000000001 0.12000000000000001 -0.26999999999999996
0.5800000000000001 0.12000000000000001 -0.26999999999999996
0.6400000000000001 0.07 -0.26049999999999995
0.5800000000000001 0.11 -0.2711
0.5800000000000001 0.11 -0.2711
0.6300000000000001 0.09 -0.2655
0.52 0.15000000000000002 -0.2601
0.54 0.12000000000000001 -0.27
0.54 0.12000000000000001 -0.27
0.5800000000000001 0.12000000000000001 -0.26999999999999996
0.5800000000000001 0.12000000000000001 -0.26999999999999996
0.5800000000000001 0.09 -0.2715
0.5800000000000001 0.11 -0.2711
0.5800000000000001 0.11 -0.2711
0.54 0.12000000000000001 -0.27
0.54 0.12000000000000001 -0.27
0.54 0.12000000000000001 -0.27
0.5900000000000001 0.1 -0.2709
0.5800000000000001 0.12000000000000001 -0.26999999999999996
0.5800000000000001 0.1 -0.27159999999999995
0.5800000000000001 0.09 -0.2715
0.5800000000000001 0.11 -0.2711
0.5800000000000001 0.11 -0.2711
0.6200000000000001 0.06 -0.262
0.55 0.08000000000000002 -0.2723
0.56 0.08000000000000002 -0.272
0.55 0.08000000000000002 -0.2723
0.55 0.08000000000000002 -0.2723
0.56 0.08000000000000002 -0.272
0.5800000000000001 0.1 -0.27159999999999995
0.5800000000000001 0.09 -0.2715
0.6000000000000001 0.11 -0.2697
0.54 0.15 -0.2619
0.55 0.09 -0.2727
0.56 0.09 -0.2725
0.55 0.1 -0.27249999999999996
0.6000000000000001 0.05000000000000002 -0.2625
0.55 0.08000000000000002 -0.2723
0.55 0.08000000000000002 -0.2723
0.56 0.08000000000000002 -0.272
0.55 0.09 -0.2727
0.55 0.09 -0.2727
0.56 0.09 -0.2725
0.55 0.1 -0.27249999999999996
0.56 0.1 -0.2724
0.55 0.08000000000000002 -0.2723
0.55 0.08000000000000002 -0.2723
0.55 0.09 -0.2727
0.55 0.09 -0.2727
0.56 0.09 -0.2725
0.55 0.1 -0.27249999999999996
0.55 0.1 -0.27249999999999996
0.5700000000000001 0.09000000000000001 -0.2721
0.56 0.1 -0.2724
0.55 0.08000000000000002 -0.2723
0.55 0.09 -0.2727
0.55 0.09 -0.2727
0.53 0.14 -0.2645
0.55 0.1 -0.27249999999999996
0.55 0.1 -0.27249999999999996
0.55 0.1 -0.27249999999999996
0.56 0.09000000000000001 -0.2725
0.55 0.09 -0.2727
0.55 0.09 -0.2727
0.55 0.09000000000000001 -0.2727
0.55 0.09000000000000001 -0.2727
0.55 0.09000000000000001 -0.2727
0.56 0.09000000000000001 -0.2725
0.53 0.09000000000000001 -0.2725
0.55 0.1 -0.27249999999999996
0.55 0.09 -0.2727
0.55 0.09 -0.2727
0.55 0.09000000000000001 -0.2727
0.55 0.09000000000000001 -0.2727
0.55 0.09000000000000001 -0.2727
0.55 0.09000000000000001 -0.2727
0.56 0.1 -0.2724
0.55 0.09000000000000001 -0.2727
0.55 0.09 -0.2727
0.5 0.15 -0.2575
0.55 0.09000000000000001 -0.2727
0.55 0.09000000000000001 -0.2727
0.55 0.09000000000000001 -0.2727
0.53 0.08000000000000002 -0.2723
0.55 0.09000000000000001 -0.2727
0.55 0.09000000000000001 -0.2727
0.55 0.09 -0.2727
0.56 0.08000000000000002 -0.272
0.55 0.09000000000000001 -0.2727
0.55 0.09000000000000001 -0.2727
0.5800000000000001 0.06000000000000001 -0.26759999999999995
0.55 0.09000000000000001 -0.2727
0.55 0.09000000000000001 -0.2727
0.55 0.09 -0.2727
0.55 0.09000000000000001 -0.2727
0.55 0.09000000000000001 -0.2727
0.55 0.09000000000000001 -0.2727
0.55 0.09000000000000001 -0.2727
0.56 0.04000000000000001 -0.264
0.55 0.09 -0.2727
0.5800000000000001 0.03000000000000001 -0.25830000000000003
0.55 0.09000000000000001 -0.2727
0.55 0.09000000000000001 -0.2727
0.55 0.09000000000000001 -0.2727
0.55 0.09000000000000001 -0.2727
0.55 0.09 -0.2727
0.55 0.09000000000000001 -0.2727
0.55 0.09000000000000001 -0.2727
0.55 0.09000000000000001 -0.2727
0.55 0.09000000000000001 -0.2727
0.5700000000000001 0.1 -0.27209999999999995
0.5800000000000001 0.09000000000000001 -0.2715
0.5800000000000001 0.03000000000000001 -0.25830000000000003
0.55 0.09 -0.2727
0.55 0.09000000000000001 -0.2727
0.6000000000000001 0.07 -0.26730000000000004
0.55 0.09000000000000001 -0.2727
0.55 0.09000000000000001 -0.2727
0.5 0.12000000000000001 -0.2668
0.54 0.1 -0.2724
0.55 0.09000000000000001 -0.2727
0.55 0.09000000000000001 -0.2727
0.55 0.09000000000000001 -0.2727
0.55 0.09000000000000001 -0.2727
0.55 0.09000000000000001 -0.2727
0.5700000000000001 0.1 -0.27209999999999995
0.6000000000000001 0.09000000000000001 -0.2697
0.55 0.09000000000000001 -0.2727
0.55 0.09000000000000001 -0.2727
0.6000000000000001 0.010000000000000009 -0.24569999999999997
0.55 0.09000000000000001 -0.2727
0.53 0.13 -0.2673
0.54 0.09000000000000001 -0.2727
0.55 0.09000000000000001 -0.2727
0.55 0.09000000000000001 -0.2727
0.55 0.09000000000000001 -0.2727
0.6200000000000001 0.02000000000000001 -0.24680000000000002
0.54 0.09000000000000001 -0.2727
0.55 0.09000000000000001 -0.2727
0.55 0.09000000000000001 -0.2727
0.53 0.09000000000000001 -0.2725
0.55 0.09000000000000001 -0.2727
0.55 0.09000000000000001 -0.2727
0.54 0.09000000000000001 -0.2727
0.55 0.09000000000000001 -0.2727
0.55 0.09000000000000001 -0.2727
0.55 0.09000000000000001 -0.2727
0.55 0.09000000000000001 -0.2727
0.54 0.09000000000000001 -0.2727
0.55 0.09000000000000001 -0.2727
0.55 0.09000000000000001 -0.2727
0.6000000000000001 0.06000000000000001 -0.2652
0.08000000000000002 0.14 -0.02600000000000001
0.55 0.09000000000000001 -0.2727
0.55 0.09000000000000001 -0.2727
0.5900000000000001 0.04000000000000001 -0.2607
0.55 0.09000000000000001 -0.2727
0.55 0.09000000000000001 -0.2727
0.55 0.09000000000000001 -0.2727
0.6000000000000001 0.05000000000000002 -0.2625
0.54 0.1 -0.2724
0.55 0.09000000000000001 -0.2727
0.55 0.09000000000000001 -0.2727
0.55 0.09000000000000001 -0.2727
0.55 0.09000000000000001 -0.2727
0.55 0.09000000000000001 -0.2727
0.55 0.09000000000000001 -0.2727
0.55 0.09000000000000001 -0.2727
0.55 0.09000000000000001 -0.2727
0.55 0.09000000000000001 -0.2727
0.55 0.09000000000000001 -0.2727
0.54 0.09000000000000001 -0.2727
0.49000000000000005 0.18000000000000002 -0.2409
0.55 0.09000000000000001 -0.2727
0.55 0.09000000000000001 -0.2727
0.55 0.09000000000000001 -0.2727
0.55 0.09000000000000001 -0.2727
0.55 0.09000000000000001 -0.2727
0.56 0.06000000000000001 -0.2692
0.55 0.09000000000000001 -0.2727
0.55 0.09000000000000001 -0.2727
0.53 0.07 -0.2715
0.55 0.09000000000000001 -0.2727
0.55 0.09000000000000001 -0.2727
0.55 0.09000000000000001 -0.2727
0.55 0.09000000000000001 -0.2727
0.55 0.09000000000000001 -0.2727
0.55 0.09000000000000001 -0.2727
0.55 0.09000000000000001 -0.2727
0.55 0.09000000000000001 -0.2727
0.55 0.09000000000000001 -0.2727
0.55 0.09000000000000001 -0.2727
0.54 0.11000000000000001 -0.2715
0.55 0.09000000000000001 -0.2727
0.55 0.09000000000000001 -0.2727
0.5700000000000001 0.05000000000000001 -0.2661
0.55 0.09000000000000001 -0.2727
0.55 0.09000000000000001 -0.2727
0.55 0.09000000000000001 -0.2727
0.55 0.09000000000000001 -0.2727
0.55 0.09000000000000001 -0.2727
0.55 0.09000000000000001 -0.2727
0.55 0.09000000000000001 -0.2727
0.46 0.16 -0.2452
0.51 0.14 -0.2625
0.53 0.12000000000000001 -0.26949999999999996
0.55 0.09000000000000001 -0.2727
0.55 0.09000000000000001 -0.2727
0.55 0.09000000000000001 -0.2727
0.55 0.09000000000000001 -0.2727
0.55 0.09000000000000001 -0.2727
0.55 0.09000000000000001 -0.2727
0.55 0.09000000000000001 -0.2727
0.55 0.09000000000000001 -0.2727
0.5700000000000001 0.08000000000000002 -0.2715
0.55 0.09000000000000001 -0.2727
0.55 0.09000000000000001 -0.2727
0.55 0.09000000000000001 -0.2727
0.51 0.14 -0.2625
0.55 0.09000000000000001 -0.2727
0.55 0.09000000000000001 -0.2727
0.55 0.09000000000000001 -0.2727
0.55 0.09000000000000001 -0.2727
0.55 0.09000000000000001 -0.2727
0.55 0.09000000000000001 -0.2727
0.55 0.09000000000000001 -0.2727
0.51 0.17 -0.2499
0.56 0.07 -0.27090000000000003
0.52 0.12000000000000002 -0.2688
0.55 0.09000000000000001 -0.2727
0.55 0.09000000000000001 -0.2727
0.55 0.09000000000000001 -0.2727
0.55 0.09000000000000001 -0.2727
0.55 0.09000000000000001 -0.2727
0.54 0.14 -0.2652
0.55 0.09000000000000001 -0.2727
0.55 0.09000000000000001 -0.2727
0.55 0.09000000000000001 -0.2727
0.55 0.09000000000000001 -0.2727
0.55 0.09000000000000001 -0.2727
0.55 0.09000000000000001 -0.2727
0.55 0.09000000000000001 -0.2727
0.55 0.09000000000000001 -0.2727
0.55 0.09000000000000001 -0.2727
0.5 0.16 -0.2532
0.55 0.09000000000000001 -0.2727
0.55 0.09000000000000001 -0.2727
0.55 0.09000000000000001 -0.2727
0.56 0.08000000000000002 -0.272
0.55 0.09000000000000001 -0.2727
0.55 0.09000000000000001 -0.2727
0.55 0.09000000000000001 -0.2727
0.54 0.08 -0.27240000000000003
0.5900000000000001 0.030000000000000006 -0.2569
0.55 0.09000000000000001 -0.2727
0.55 0.09000000000000001 -0.2727
0.5900000000000001 0.04000000000000001 -0.2607
0.54 0.08 -0.27240000000000003
0.55 0.08 -0.2723
0.56 0.08000000000000002 -0.272
0.56 0.08 -0.272
0.55 0.030000000000000006 -0.26130000000000003
0.55 0.09000000000000001 -0.2727
0.55 0.09000000000000001 -0.2727
0.5700000000000001 0.07 -0.2703
0.54 0.08 -0.27240000000000003
0.54 0.08 -0.27240000000000003
0.55 0.08 -0.2723
0.55 0.08 -0.2723
0.55 0.08 -0.2723
0.55 0.09000000000000001 -0.2727
0.55 0.09000000000000001 -0.2727
0.55 0.09000000000000001 -0.2727
0.54 0.08 -0.27240000000000003
0.54 0.08 -0.27240000000000003
0.6200000000000001 0.039999999999999994 -0.25559999999999994
0.55 0.09000000000000001 -0.2727
0.55 0.09000000000000001 -0.2727
0.53 0.11 -0.2711
0.54 0.08 -0.27240000000000003
0.54 0.08 -0.27240000000000003
0.54 0.08 -0.27240000000000003
0.55 0.08 -0.2723
0.6000000000000001 0.07 -0.26730000000000004
0.55 0.09000000000000001 -0.2727
0.54 0.08 -0.27240000000000003
0.54 0.08 -0.27240000000000003
0.54 0.08 -0.27240000000000003
0.55 0.09000000000000001 -0.2727
0.54 0.08 -0.27240000000000003
0.5700000000000001 0.030000000000000002 -0.2595
0.54 0.08 -0.27240000000000003
0.56 0.06 -0.26920000000000005
0.55 0.08 -0.2723
0.55 0.09000000000000001 -0.2727
0.54 0.08 -0.27240000000000003
0.54 0.08 -0.27240000000000003
0.56 0.05 -0.2669
0.55 0.08 -0.2723
0.55 0.09000000000000001 -0.2727
0.54 0.08 -0.27240000000000003
0.54 0.12000000000000001 -0.27
0.54 0.08 -0.27240000000000003
0.56 0.05 -0.2669
0.04 0.060000000000000005 -0.03
0.11000000000000001 0.04 -0.0975
0.55 0.09000000000000001 -0.2727
0.54 0.08 -0.27240000000000003
0.54 0.1 -0.2724
0.54 0.11000000000000001 -0.2715
0.54 0.12000000000000001 -0.27
0.5 0.17 -0.24830000000000002
0.5 0.11000000000000001 -0.2687
0.55 0.09000000000000001 -0.2727
0.54 0.08 -0.27240000000000003
0.5900000000000001 0.060000000000000005 -0.2665
0.55 0.11000000000000001 -0.2717
0.54 0.11000000000000001 -0.2715
0.54 0.11000000000000001 -0.2715
0.55 0.09000000000000001 -0.2727
0.55 0.03 -0.26130000000000003
0.55 0.08 -0.2723
0.55 0.11000000000000001 -0.2717
0.47000000000000003 0.19 -0.23009999999999997
0.52 0.12000000000000001 -0.2688
0.54 0.11000000000000001 -0.2715
0.5900000000000001 0.08000000000000002 -0.26990000000000003
0.55 0.08 -0.2723
0.52 0.17 -0.25129999999999997
0.55 0.11000000000000001 -0.2717
0.5800000000000001 0.10000000000000002 -0.27159999999999995
0.55 0.12000000000000001 -0.2703
0.55 0.12000000000000001 -0.2703
0.52 0.12000000000000001 -0.2688
0.55 0.10000000000000002 -0.2725
0.52 0.12000000000000002 -0.2688
0.55 0.08 -0.2723
0.55 0.11000000000000001 -0.2717
0.5800000000000001 0.10000000000000002 -0.27159999999999995
0.6000000000000001 0.07 -0.26730000000000004
0.55 0.10000000000000002 -0.2725
0.55 0.10000000000000002 -0.2725
0.55 0.10000000000000002 -0.2725
0.55 0.08 -0.2723
0.55 0.08 -0.2723
0.55 0.10000000000000002 -0.2725
0.51 0.13 -0.2655
0.55 0.10000000000000002 -0.2725
0.55 0.08 -0.2723
0.55 0.08 -0.2723
0.55 0.08 -0.2723
0.55 0.08 -0.2723
0.5900000000000001 0.06000000000000002 -0.26649999999999996
0.55 0.10000000000000002 -0.2725
0.55 0.10000000000000002 -0.2725
0.55 0.08 -0.2723
0.55 0.08 -0.2723
0.55 0.08 -0.2723
0.55 0.08 -0.2723
0.55 0.10000000000000002 -0.2725
0.55 0.10000000000000002 -0.2725
0.55 0.10000000000000002 -0.2725
0.55 0.08 -0.2723
0.55 0.08 -0.2723
0.53 0.11 -0.2711
0.55 0.10000000000000002 -0.2725
0.6100000000000001 0.03000000000000002 -0.25350000000000006
0.55 0.10000000000000002 -0.2725
0.55 0.08 -0.2723
0.55 0.08 -0.2723
0.55 0.08 -0.2723
0.55 0.08 -0.2723
0.55 0.10000000000000002 -0.2725
0.55 0.10000000000000002 -0.2725
0.55 0.10000000000000002 -0.2725
0.55 0.08 -0.2723
0.51 0.13 -0.2655
0.55 0.08 -0.2723
0.55 0.08 -0.2723
0.55 0.08 -0.2723
0.5700000000000001 0.06000000000000002 -0.26849999999999996
0.55 0.10000000000000002 -0.2725
0.55 0.10000000000000002 -0.2725
0.55 0.08 -0.2723
0.55 0.08 -0.2723
0.55 0.08 -0.2723
0.55 0.08 -0.2723
0.55 0.08 -0.2723
0.55 0.10000000000000002 -0.2725
0.55 0.10000000000000002 -0.2725
0.56 0.06999999999999999 -0.27090000000000003
0.49 0.16 -0.2515
0.55 0.08 -0.2723
0.55 0.08 -0.2723
0.55 0.06 -0.2697
0.55 0.08 -0.2723
0.55 0.10000000000000002 -0.2725
0.55 0.10000000000000002 -0.2725
0.52 0.09 -0.2721
0.55 0.08 -0.2723
0.55 0.08 -0.2723
0.55 0.09 -0.2727
0.55 0.10000000000000002 -0.2725
0.55 0.10000000000000002 -0.2725
0.55 0.08 -0.2723
0.55 0.09999999999999999 -0.2725
0.52 0.09 -0.2721
0.06000000000000002 0.12 -0.020400000000000015
0.6300000000000001 0.009999999999999995 -0.23909999999999992
0.55 0.09 -0.2727
0.55 0.10000000000000002 -0.2725
0.55 0.10000000000000002 -0.2725
0.55 0.09999999999999999 -0.2725
0.51 0.14 -0.2625
0.55 0.09999999999999999 -0.2725
0.55 0.09 -0.2727
0.55 0.10000000000000002 -0.2725
0.55 0.10000000000000002 -0.2725
0.55 0.09999999999999999 -0.2725
0.55 0.13 -0.2683
0.55 0.09999999999999999 -0.2725
0.55 0.09 -0.2727
0.55 0.10000000000000002 -0.2725
0.55 0.10000000000000002 -0.2725
0.6200000000000001 0.039999999999999994 -0.25559999999999994
0.55 0.09999999999999999 -0.2725
0.55 0.09999999999999999 -0.2725
0.55 0.09999999999999999 -0.2725
0.55 0.09 -0.2727
0.55 0.10000000000000002 -0.2725
0.56 0.07000000000000002 -0.27090000000000003
0.55 0.09999999999999999 -0.2725
0.55 0.09999999999999999 -0.2725
0.56 0.06999999999999999 -0.27090000000000003
0.55 0.09999999999999999 -0.2725
0.51 0.10999999999999999 -0.2697
0.55 0.10000000000000002 -0.2725
0.55 0.09999999999999999 -0.2725
0.51 0.11 -0.26970000000000005
0.52 0.09 -0.2721
0.55 0.09999999999999999 -0.2725
0.55 0.09999999999999999 -0.2725
0.51 0.15000000000000002 -0.2589
0.55 0.09999999999999999 -0.2725
0.55 0.09999999999999999 -0.2725
0.55 0.09999999999999999 -0.2725
0.52 0.09 -0.2721
0.51 0.09 -0.2715
0.51 0.10000000000000002 -0.27090000000000003
0.5900000000000001 0.06 -0.2665
0.5 0.13999999999999999 -0.2612
0.55 0.09999999999999999 -0.2725
0.55 0.09999999999999999 -0.2725
0.52 0.09 -0.2721
0.55 0.09999999999999999 -0.2725
0.55 0.09999999999999999 -0.2725
0.52 0.09 -0.2721
0.5 0.09999999999999999 -0.27
0.6100000000000001 0.049999999999999996 -0.2609
0.5900000000000001 0.13999999999999999 -0.26570000000000005
0.5 0.13999999999999999 -0.2612
0.13999999999999999 0.09 -0.10869999999999999
0.55 0.09 -0.2727
0.55 0.09999999999999999 -0.2725
0.55 0.09999999999999999 -0.2725
0.55 0.09999999999999999 -0.2725
0.52 0.09 -0.2721
0.5700000000000001 0.09 -0.2721
0.5 0.09999999999999999 -0.27
0.52 0.049999999999999996 -0.2681
0.56 0.039999999999999994 -0.264
0.55 0.09 -0.2727
0.54 0.09999999999999999 -0.27240000000000003
0.55 0.09 -0.2727
0.55 0.09 -0.2727
0.6000000000000001 0.039999999999999994 -0.2592
0.55 0.09999999999999999 -0.2725
0.55 0.09 -0.2727
0.55 0.09 -0.2727
0.55 0.09 -0.2727
0.55 0.09 -0.2727
0.55 0.09999999999999999 -0.2725
0.56 0.09 -0.2725
0.55 0.09 -0.2727
0.55 0.09 -0.2727
0.55 0.09 -0.2727
0.55 0.09 -0.2727
0.55 0.09 -0.2727
0.55 0.09999999999999999 -0.2725
0.56 0.09 -0.2725
0.55 0.09 -0.2727
0.55 0.09 -0.2727
0.55 0.09 -0.2727
0.55 0.09 -0.2727
0.55 0.09 -0.2727
0.55 0.09 -0.2727
0.55 0.09 -0.2727
0.55 0.09 -0.2727
0.6100000000000001 0.029999999999999995 -0.2535
0.55 0.09 -0.2727
0.51 0.07999999999999999 -0.2715
0.55 0.09 -0.2727
0.55 0.09 -0.2727
0.55 0.09 -0.2727
0.55 0.09 -0.2727
0.55 0.09 -0.2727
0.55 0.09 -0.2727
0.55 0.09 -0.2727
0.51 0.11 -0.26970000000000005
0.5800000000000001 0.049999999999999996 -0.2651
0.55 0.09 -0.2727
0.55 0.09 -0.2727
0.55 0.09 -0.2727
0.55 0.09 -0.2727
0.55 0.09 -0.2727
0.5700000000000001 0.06999999999999999 -0.2703
0.54 0.09999999999999999 -0.27240000000000003
0.55 0.09 -0.2727
0.55 0.11 -0.2717
0.55 0.09 -0.2727
0.55 0.09 -0.2727
0.55 0.09 -0.2727
0.55 0.09 -0.2727
0.54 0.09 -0.2727
0.54 0.09999999999999999 -0.27240000000000003
0.56 0.14 -0.266
0.48 0.10999999999999999 -0.2661
0.55 0.09 -0.2727
0.55 0.09 -0.2727
0.54 0.06 -0.27
0.49 0.16 -0.2515
0.55 0.09 -0.2727
0.54 0.09999999999999999 -0.27240000000000003
0.56 0.14 -0.266
0.55 0.09 -0.2727
0.55 0.09 -0.2727
0.55 0.09 -0.2727
0.55 0.09 -0.2727
0.54 0.09 -0.2727
0.6000000000000001 -1.3877787807814457e-17 -0.24
0.55 0.09 -0.2727
0.55 0.09 -0.2727
0.55 0.09 -0.2727
0.55 0.09 -0.2727
0.46 0.16 -0.2452
0.5800000000000001 0.039999999999999994 -0.262
0.55 0.09 -0.2727
0.56 0.039999999999999994 -0.264
0.55 0.09 -0.2727
0.55 0.09 -0.2727
0.55 0.09 -0.2727
0.55 0.09 -0.2727
0.5800000000000001 0.09 -0.2715
0.55 0.09 -0.2727
0.55 0.09 -0.2727
0.51 0.12 -0.2679
0.55 0.09 -0.2727
0.55 0.09 -0.2727
0.55 0.09 -0.2727
0.55 0.09 -0.2727
0.56 0.09 -0.2725
0.55 0.09 -0.2727
0.55 0.09 -0.2727
0.55 0.09 -0.2727
0.55 0.09 -0.2727
0.56 0.09 -0.2725
0.55 0.09 -0.2727
0.55 0.09 -0.2727
0.55 0.09 -0.2727
0.55 0.09 -0.2727
0.55 0.09 -0.2727
0.55 0.09 -0.2727
0.55 0.09 -0.2727
0.55 0.09 -0.2727
0.55 0.09 -0.2727
0.55 0.09 -0.2727
0.51 0.09999999999999999 -0.27090000000000003
0.55 0.09 -0.2727
0.55 0.09 -0.2727
0.55 0.09 -0.2727
0.55 0.09 -0.2727
0.55 0.09 -0.2727
0.55 0.09 -0.2727
0.6100000000000001 0.019999999999999997 -0.2489
0.5800000000000001 0.049999999999999996 -0.2651
0.51 0.14 -0.2625
0.55 0.1 -0.27249999999999996
0.55 0.09 -0.2727
0.55 0.09 -0.2727
0.5800000000000001 0.14 -0.26599999999999996
0.51 0.13 -0.2655
0.5800000000000001 0.06999999999999999 -0.2695
0.55 0.09 -0.2727
0.55 0.1 -0.27249999999999996
0.55 0.13 -0.2683
0.55 0.13 -0.2683
0.5800000000000001 0.14 -0.26599999999999996
0.55 0.09 -0.2727
0.55 0.1 -0.27249999999999996
0.55 0.1 -0.27249999999999996
0.5800000000000001 0.06999999999999999 -0.2695
0.55 0.13 -0.2683
0.55 0.13 -0.2683
0.5800000000000001 0.13 -0.2683
0.53 0.11 -0.2711
0.5900000000000001 0.060000000000000005 -0.2665
0.55 0.1 -0.27249999999999996
0.55 0.1 -0.27249999999999996
0.49000000000000005 0.15 -0.2559
0.55 0.06999999999999999 -0.2713
0.5700000000000001 0.01999999999999999 -0.2553
0.54 0.14 -0.2652
0.52 0.13 -0.26649999999999996
0.55 0.06999999999999999 -0.2713
0.53 0.11 -0.2711
0.54 0.13 -0.2679
0.5900000000000001 0.06999999999999999 -0.2685
0.54 0.07 -0.2715
0.5900000000000001 0.15 -0.2629
0.54 0.07 -0.2715
0.54 0.06999999999999999 -0.2715
0.55 0.06999999999999999 -0.2713
0.49000000000000005 0.14 -0.2597
0.52 0.11 -0.27049999999999996
0.56 0.08999999999999998 -0.2725
0.54 0.08999999999999998 -0.27270000000000005
0.56 0.08999999999999998 -0.2725
0.54 0.07 -0.2715
0.49000000000000005 0.09999999999999999 -0.26890000000000003
0.51 0.10999999999999999 -0.2697
0.52 0.11 -0.27049999999999996
0.54 0.08999999999999998 -0.27270000000000005
0.56 0.08999999999999998 -0.2725
0.54 0.07 -0.2715
0.51 0.1 -0.27090000000000003
0.55 0.1 -0.27249999999999996
0.54 0.11 -0.2715
0.52 0.11 -0.27049999999999996
0.48 0.15999999999999998 -0.2496
0.54 0.08999999999999998 -0.27270000000000005
0.56 0.08999999999999998 -0.2725
0.55 0.1 -0.27249999999999996
0.54 0.10000000000000002 -0.27240000000000003
0.53 0.15000000000000002 -0.2611
0.56 0.11 -0.2717
0.55 0.10999999999999999 -0.2717
0.54 0.08999999999999998 -0.27270000000000005
0.56 0.08999999999999998 -0.2725
0.55 0.1 -0.27249999999999996
0.54 0.10000000000000002 -0.27240000000000003
0.54 0.1 -0.2724
0.56 0.11 -0.2717
0.6100000000000001 0.03999999999999999 -0.2575
